
## Color scale ##
colors <-  c("#e66101",
             "#fdb863",
             "#f7f7f7",
             "#b2abd2",
             "#5e3c99")
